00000000: 00100011 01101001 01101110 01100011 01101100 01110101  #inclu
00000006: 01100100 01100101 00100000 00111100 01110011 01110100  de <st
0000000c: 01100100 01101001 01101111 00101110 01101000 00111110  dio.h>
00000012: 00001010 00100011 01101001 01101110 01100011 01101100  .#incl
00000018: 01110101 01100100 01100101 00100000 00111100 01110011  ude <s
0000001e: 01110100 01100100 01101100 01101001 01100010 00101110  tdlib.
00000024: 01101000 00111110 00001010 00100011 01101001 01101110  h>.#in
0000002a: 01100011 01101100 01110101 01100100 01100101 00100000  clude 
00000030: 00111100 01110011 01110100 01110010 01101001 01101110  <strin
00000036: 01100111 00101110 01101000 00111110 00001010 00001010  g.h>..
0000003c: 00100011 01100100 01100101 01100110 01101001 01101110  #defin
00000042: 01100101 00100000 01010100 01010010 01010101 01000101  e TRUE
00000048: 00100000 00110001 00001010 00100011 01100100 01100101   1.#de
0000004e: 01100110 01101001 01101110 01100101 00100000 01000110  fine F
00000054: 01000001 01001100 01010011 01000101 00100000 00110000  ALSE 0
0000005a: 00001010 00100011 01100100 01100101 01100110 01101001  .#defi
00000060: 01101110 01100101 00100000 01000010 01000001 01000100  ne BAD
00000066: 01011111 01001110 01010101 01001101 01000010 01000101  _NUMBE
0000006c: 01010010 01011111 01000001 01010010 01000111 01010011  R_ARGS
00000072: 00100000 00110001 00001010 00001010 00101111 00101010   1../*
00000078: 00101010 00001010 00100000 00101010 00100000 01010000  *. * P
0000007e: 01100001 01110010 01110011 01100101 01110011 00100000  arses 
00000084: 01110100 01101000 01100101 00100000 01100011 01101111  the co
0000008a: 01101101 01101101 01100001 01101110 01100100 00100000  mmand 
00000090: 01101100 01101001 01101110 01100101 00101110 00001010  line..
00000096: 00100000 00101010 00001010 00100000 00101010 00100000   *. * 
0000009c: 01100001 01110010 01100111 01100011 00111010 00100000  argc: 
000000a2: 01110100 01101000 01100101 00100000 01101110 01110101  the nu
000000a8: 01101101 01100010 01100101 01110010 00100000 01101111  mber o
000000ae: 01100110 00100000 01101001 01110100 01100101 01101101  f item
000000b4: 01110011 00100000 01101111 01101110 00100000 01110100  s on t
000000ba: 01101000 01100101 00100000 01100011 01101111 01101101  he com
000000c0: 01101101 01100001 01101110 01100100 00100000 01101100  mand l
000000c6: 01101001 01101110 01100101 00100000 00101000 01100001  ine (a
000000cc: 01101110 01100100 00100000 01101100 01100101 01101110  nd len
000000d2: 01100111 01110100 01101000 00100000 01101111 01100110  gth of
000000d8: 00100000 01110100 01101000 01100101 00001010 00100000   the. 
000000de: 00101010 00100000 00100000 00100000 00100000 00100000  *     
000000e4: 00100000 00100000 01100001 01110010 01100111 01110110    argv
000000ea: 00100000 01100001 01110010 01110010 01100001 01111001   array
000000f0: 00101001 00100000 01101001 01101110 01100011 01101100  ) incl
000000f6: 01110101 01100100 01101001 01101110 01100111 00100000  uding 
000000fc: 01110100 01101000 01100101 00100000 01100101 01111000  the ex
00000102: 01100101 01100011 01110101 01110100 01100001 01100010  ecutab
00000108: 01101100 01100101 00001010 00100000 00101010 00100000  le. * 
0000010e: 01100001 01110010 01100111 01110110 00111010 00100000  argv: 
00000114: 01110100 01101000 01100101 00100000 01100001 01110010  the ar
0000011a: 01110010 01100001 01111001 00100000 01101111 01100110  ray of
00000120: 00100000 01100001 01110010 01100111 01110101 01101101   argum
00000126: 01100101 01101110 01110100 01110011 00100000 01100001  ents a
0000012c: 01110011 00100000 01110011 01110100 01110010 01101001  s stri
00000132: 01101110 01100111 01110011 00100000 00101000 01100011  ngs (c
00000138: 01101000 01100001 01110010 00101010 00100000 01100001  har* a
0000013e: 01110010 01110010 01100001 01111001 00101001 00001010  rray).
00000144: 00100000 00101010 00100000 01100010 01101001 01110100   * bit
0000014a: 01110011 00111010 00100000 01110100 01101000 01100101  s: the
00000150: 00100000 01101001 01101110 01110100 01100101 01100111   integ
00000156: 01100101 01110010 00100000 01110110 01100001 01101100  er val
0000015c: 01110101 01100101 00100000 01101001 01110011 00100000  ue is 
00000162: 01110011 01100101 01110100 00100000 01110100 01101111  set to
00000168: 00100000 01010100 01010010 01010101 01000101 00100000   TRUE 
0000016e: 01101001 01100110 00100000 01100010 01101001 01110100  if bit
00000174: 01110011 00100000 01101111 01110101 01110100 01110000  s outp
0000017a: 01110101 01110100 00100000 01101001 01101110 01100100  ut ind
00000180: 01101001 01100011 01100001 01110100 01100101 01100100  icated
00000186: 00001010 00100000 00101010 00100000 00100000 00100000  . *   
0000018c: 00100000 00100000 00100000 00100000 01101111 01110101      ou
00000192: 01110100 01101000 01100101 01110010 01110111 01101001  therwi
00000198: 01110011 01100101 00100000 01000110 01000001 01001100  se FAL
0000019e: 01010011 01000101 00100000 01100110 01101111 01110010  SE for
000001a4: 00100000 01101000 01100101 01111000 00100000 01101111   hex o
000001aa: 01110101 01110100 01110000 01110101 01110100 00001010  utput.
000001b0: 00100000 00101010 00001010 00100000 00101010 00100000   *. * 
000001b6: 01110010 01100101 01110100 01110101 01110010 01101110  return
000001bc: 01110011 00100000 01110100 01101000 01100101 00100000  s the 
000001c2: 01101001 01101110 01110000 01110101 01110100 00100000  input 
000001c8: 01100110 01101001 01101100 01100101 00100000 01110000  file p
000001ce: 01101111 01101001 01101110 01110100 01100101 01110010  ointer
000001d4: 00100000 00101000 01000110 01001001 01001100 01000101   (FILE
000001da: 00101010 00101001 00001010 00100000 00101010 00101010  *). **
000001e0: 00101111 00001010 01000110 01001001 01001100 01000101  /.FILE
000001e6: 00100000 00101010 01110000 01100001 01110010 01110011   *pars
000001ec: 01100101 01000011 01101111 01101101 01101101 01100001  eComma
000001f2: 01101110 01100100 01001100 01101001 01101110 01100101  ndLine
000001f8: 00101000 01101001 01101110 01110100 00100000 01100001  (int a
000001fe: 01110010 01100111 01100011 00101100 00100000 01100011  rgc, c
00000204: 01101000 01100001 01110010 00100000 00101010 00101010  har **
0000020a: 01100001 01110010 01100111 01110110 00101100 00100000  argv, 
00000210: 01101001 01101110 01110100 00100000 00101010 01100010  int *b
00000216: 01101001 01110100 01110011 00101001 00100000 01111011  its) {
0000021c: 00001010 00100000 00100000 01101001 01100110 00100000  .  if 
00000222: 00101000 01100001 01110010 01100111 01100011 00100000  (argc 
00000228: 00111110 00100000 00110010 00101001 00100000 01111011  > 2) {
0000022e: 00001010 00100000 00100000 00100000 00100000 01110000  .    p
00000234: 01110010 01101001 01101110 01110100 01100110 00101000  rintf(
0000023a: 00100010 01010101 01110011 01100001 01100111 01100101  "Usage
00000240: 00111010 00100000 00100101 01110011 00100000 01011011  : %s [
00000246: 00101101 01100010 01111100 00101101 01100010 01101001  -b|-bi
0000024c: 01110100 01110011 01011101 01011100 01101110 00100010  ts]\n"
00000252: 00101100 00100000 01100001 01110010 01100111 01110110  , argv
00000258: 01011011 00110000 01011101 00101001 00111011 00001010  [0]);.
0000025e: 00100000 00100000 00100000 00100000 01100101 01111000      ex
00000264: 01101001 01110100 00101000 01000010 01000001 01000100  it(BAD
0000026a: 01011111 01001110 01010101 01001101 01000010 01000101  _NUMBE
00000270: 01010010 01011111 01000001 01010010 01000111 01010011  R_ARGS
00000276: 00101001 00111011 00001010 00100000 00100000 01111101  );.  }
0000027c: 00001010 00001010 00100000 00100000 01101001 01100110  ..  if
00000282: 00100000 00101000 01100001 01110010 01100111 01100011   (argc
00000288: 00100000 00111101 00111101 00100000 00110010 00100000   == 2 
0000028e: 00100110 00100110 00001010 00100000 00100000 00100000  &&.   
00000294: 00100000 00100000 00100000 00101000 01110011 01110100     (st
0000029a: 01110010 01100011 01101101 01110000 00101000 01100001  rcmp(a
000002a0: 01110010 01100111 01110110 01011011 00110001 01011101  rgv[1]
000002a6: 00101100 00100000 00100010 00101101 01100010 00100010  , "-b"
000002ac: 00101001 00100000 00111101 00111101 00100000 00110000  ) == 0
000002b2: 00100000 01111100 01111100 00100000 01110011 01110100   || st
000002b8: 01110010 01100011 01101101 01110000 00101000 01100001  rcmp(a
000002be: 01110010 01100111 01110110 01011011 00110001 01011101  rgv[1]
000002c4: 00101100 00100000 00100010 00101101 01100010 01101001  , "-bi
000002ca: 01110100 01110011 00100010 00101001 00100000 00111101  ts") =
000002d0: 00111101 00100000 00110000 00101001 00101001 00100000  = 0)) 
000002d6: 01111011 00001010 00100000 00100000 00100000 00100000  {.    
000002dc: 00101010 01100010 01101001 01110100 01110011 00100000  *bits 
000002e2: 00111101 00100000 01010100 01010010 01010101 01000101  = TRUE
000002e8: 00111011 00001010 00100000 00100000 01111101 00100000  ;.  } 
000002ee: 01100101 01101100 01110011 01100101 00100000 01111011  else {
000002f4: 00001010 00100000 00100000 00100000 00100000 00101010  .    *
000002fa: 01100010 01101001 01110100 01110011 00100000 00111101  bits =
00000300: 00100000 01000110 01000001 01001100 01010011 01000101   FALSE
00000306: 00111011 00001010 00100000 00100000 01111101 00001010  ;.  }.
0000030c: 00001010 00100000 00100000 01110010 01100101 01110100  .  ret
00000312: 01110101 01110010 01101110 00100000 01110011 01110100  urn st
00000318: 01100100 01101001 01101110 00111011 00001010 01111101  din;.}
0000031e: 00001010 00001010 00101111 00101010 00101010 00001010  ../**.
00000324: 00100000 00101010 00100000 01010111 01110010 01101001   * Wri
0000032a: 01110100 01100101 01110011 00100000 01100100 01100001  tes da
00000330: 01110100 01100001 00100000 01110100 01101111 00100000  ta to 
00000336: 01110011 01110100 01100100 01101111 01110101 01110100  stdout
0000033c: 00100000 01101001 01101110 00100000 01101000 01100101   in he
00000342: 01111000 01100001 01100100 01100101 01100011 01101001  xadeci
00000348: 01101101 01100001 01101100 00101110 00001010 00100000  mal.. 
0000034e: 00101010 00001010 00100000 00101010 00100000 01010011  *. * S
00000354: 01100101 01100101 00100000 01101101 01111001 01111000  ee myx
0000035a: 01111000 01100100 00101110 01101101 01100100 00100000  xd.md 
00000360: 01100110 01101111 01110010 00100000 01100100 01100101  for de
00000366: 01110100 01100001 01101001 01101100 01110011 00101110  tails.
0000036c: 00001010 00100000 00101010 00001010 00100000 00101010  . *. *
00000372: 00100000 01100100 01100001 01110100 01100001 00111010   data:
00000378: 00100000 01100001 01101110 00100000 01100001 01110010   an ar
0000037e: 01110010 01100001 01111001 00100000 01101111 01100110  ray of
00000384: 00100000 01101110 01101111 00100000 01101101 01101111   no mo
0000038a: 01110010 01100101 00100000 01110100 01101000 01100001  re tha
00000390: 01101110 00100000 00110001 00110110 00100000 01100011  n 16 c
00000396: 01101000 01100001 01110010 01100001 01100011 01110100  haract
0000039c: 01100101 01110010 01110011 00001010 00100000 00101010  ers. *
000003a2: 00100000 01110011 01101001 01111010 01100101 00111010   size:
000003a8: 00100000 01110100 01101000 01100101 00100000 01110011   the s
000003ae: 01101001 01111010 01100101 00100000 01101111 01100110  ize of
000003b4: 00100000 01110100 01101000 01100101 00100000 01100001   the a
000003ba: 01110010 01110010 01100001 01111001 00001010 00100000  rray. 
000003c0: 00101010 00101010 00101111 00001010 01110110 01101111  **/.vo
000003c6: 01101001 01100100 00100000 01110000 01110010 01101001  id pri
000003cc: 01101110 01110100 01000100 01100001 01110100 01100001  ntData
000003d2: 01000001 01110011 01001000 01100101 01111000 00101000  AsHex(
000003d8: 01110101 01101110 01110011 01101001 01100111 01101110  unsign
000003de: 01100101 01100100 00100000 01100011 01101000 01100001  ed cha
000003e4: 01110010 00100000 00101010 01100100 01100001 01110100  r *dat
000003ea: 01100001 00101100 00100000 01110011 01101001 01111010  a, siz
000003f0: 01100101 01011111 01110100 00100000 01110011 01101001  e_t si
000003f6: 01111010 01100101 00101001 00100000 01111011 00001010  ze) {.
000003fc: 00100000 00100000 01100110 01101111 01110010 00100000    for 
00000402: 00101000 01101001 01101110 01110100 00100000 01101001  (int i
00000408: 00100000 00111101 00100000 00110000 00111011 00100000   = 0; 
0000040e: 01101001 00100000 00111100 00100000 01110011 01101001  i < si
00000414: 01111010 01100101 00111011 00100000 01101001 00101011  ze; i+
0000041a: 00111101 00110010 00101001 00100000 01111011 00001010  =2) {.
00000420: 00100000 00100000 00100000 00100000 01101001 01100110      if
00000426: 00100000 00101000 00101000 01110011 01101001 01111010   ((siz
0000042c: 01100101 00100000 00101101 00100000 01101001 00101001  e - i)
00000432: 00100000 00111101 00111101 00100000 00110001 00101001   == 1)
00000438: 00100000 01111011 00001010 00100000 00100000 00100000   {.   
0000043e: 00100000 00100000 00100000 01110000 01110010 01101001     pri
00000444: 01101110 01110100 01100110 00101000 00100010 00100101  ntf("%
0000044a: 00110000 00110010 01111000 00100000 00100000 00100000  02x   
00000450: 00100010 00101100 00100000 01100100 01100001 01110100  ", dat
00000456: 01100001 01011011 01101001 01011101 00101001 00111011  a[i]);
0000045c: 00001010 00100000 00100000 00100000 00100000 01111101  .    }
00000462: 00100000 01100101 01101100 01110011 01100101 00100000   else 
00000468: 01111011 00001010 00100000 00100000 00100000 00100000  {.    
0000046e: 01110000 01110010 01101001 01101110 01110100 01100110  printf
00000474: 00101000 00100010 00100101 00110000 00110010 01111000  ("%02x
0000047a: 00100101 00110000 00110010 01111000 00100000 00100010  %02x "
00000480: 00101100 00100000 01100100 01100001 01110100 01100001  , data
00000486: 01011011 01101001 01011101 00101100 00100000 01100100  [i], d
0000048c: 01100001 01110100 01100001 01011011 01101001 00100000  ata[i 
00000492: 00101011 00100000 00110001 01011101 00101001 00111011  + 1]);
00000498: 00001010 00100000 00100000 00100000 00100000 01111101  .    }
0000049e: 00001010 00100000 00100000 01111101 00001010 00100000  .  }. 
000004a4: 00100000 01101001 01100110 00100000 00101000 01110011   if (s
000004aa: 01101001 01111010 01100101 00100000 00111100 00100000  ize < 
000004b0: 00110001 00110110 00101001 00100000 01111011 00001010  16) {.
000004b6: 00100000 00100000 00100000 00100000 01101001 01101110      in
000004bc: 01110100 00100000 01101111 01100110 01100110 01110011  t offs
000004c2: 01100101 01110100 00100000 00111101 00100000 00110001  et = 1
000004c8: 00110110 00100000 00101101 00100000 01110011 01101001  6 - si
000004ce: 01111010 01100101 00111011 00001010 00100000 00100000  ze;.  
000004d4: 00100000 00100000 01100110 01101111 01110010 00100000    for 
000004da: 00101000 01101001 01101110 01110100 00100000 01101010  (int j
000004e0: 00100000 00111101 00100000 00110000 00111011 00100000   = 0; 
000004e6: 01101010 00100000 00111100 00100000 00101000 01101111  j < (o
000004ec: 01100110 01100110 01110011 01100101 01110100 00100000  ffset 
000004f2: 00101111 00100000 00110010 00101001 00111011 00100000  / 2); 
000004f8: 01101010 00101011 00101011 00101001 00100000 01111011  j++) {
000004fe: 00001010 00100000 00100000 00100000 00100000 00100000  .     
00000504: 00100000 01110000 01110010 01101001 01101110 01110100   print
0000050a: 01100110 00101000 00100010 00100000 00100000 00100000  f("   
00000510: 00100000 00100000 00100010 00101001 00111011 00001010    ");.
00000516: 00100000 00100000 00100000 00100000 01111101 00001010      }.
0000051c: 00100000 00100000 01111101 00001010 01111101 00001010    }.}.
00000522: 00001010 00101111 00101010 00101010 00001010 00100000  ./**. 
00000528: 00101010 00100000 01010111 01110010 01101001 01110100  * Writ
0000052e: 01100101 01110011 00100000 01100100 01100001 01110100  es dat
00000534: 01100001 00100000 01110100 01101111 00100000 01110011  a to s
0000053a: 01110100 01100100 01101111 01110101 01110100 00100000  tdout 
00000540: 01100001 01110011 00100000 01100011 01101000 01100001  as cha
00000546: 01110010 01100001 01100011 01110100 01100101 01110010  racter
0000054c: 01110011 00101110 00001010 00100000 00101010 00001010  s.. *.
00000552: 00100000 00101010 00100000 01010011 01100101 01100101   * See
00000558: 00100000 01101101 01111001 01111000 01111000 01100100   myxxd
0000055e: 00101110 01101101 01100100 00100000 01100110 01101111  .md fo
00000564: 01110010 00100000 01100100 01100101 01110100 01100001  r deta
0000056a: 01101001 01101100 01110011 00101110 00001010 00100000  ils.. 
00000570: 00101010 00001010 00100000 00101010 00100000 01100100  *. * d
00000576: 01100001 01110100 01100001 00111010 00100000 01100001  ata: a
0000057c: 01101110 00100000 01100001 01110010 01110010 01100001  n arra
00000582: 01111001 00100000 01101111 01100110 00100000 01101110  y of n
00000588: 01101111 00100000 01101101 01101111 01110010 01100101  o more
0000058e: 00100000 01110100 01101000 01100001 01101110 00100000   than 
00000594: 00110001 00110110 00100000 01100011 01101000 01100001  16 cha
0000059a: 01110010 01100001 01100011 01110100 01100101 01110010  racter
000005a0: 01110011 00001010 00100000 00101010 00100000 01110011  s. * s
000005a6: 01101001 01111010 01100101 00111010 00100000 01110100  ize: t
000005ac: 01101000 01100101 00100000 01110011 01101001 01111010  he siz
000005b2: 01100101 00100000 01101111 01100110 00100000 01110100  e of t
000005b8: 01101000 01100101 00100000 01100001 01110010 01110010  he arr
000005be: 01100001 01111001 00001010 00100000 00101010 00101010  ay. **
000005c4: 00101111 00001010 01110110 01101111 01101001 01100100  /.void
000005ca: 00100000 01110000 01110010 01101001 01101110 01110100   print
000005d0: 01000100 01100001 01110100 01100001 01000001 01110011  DataAs
000005d6: 01000011 01101000 01100001 01110010 01110011 00101000  Chars(
000005dc: 01110101 01101110 01110011 01101001 01100111 01101110  unsign
000005e2: 01100101 01100100 00100000 01100011 01101000 01100001  ed cha
000005e8: 01110010 00100000 00101010 01100100 01100001 01110100  r *dat
000005ee: 01100001 00101100 00100000 01110011 01101001 01111010  a, siz
000005f4: 01100101 01011111 01110100 00100000 01110011 01101001  e_t si
000005fa: 01111010 01100101 00101001 00100000 01111011 00001010  ze) {.
00000600: 00100000 00100000 01100110 01101111 01110010 00100000    for 
00000606: 00101000 01101001 01101110 01110100 00100000 01101001  (int i
0000060c: 00100000 00111101 00100000 00110000 00111011 00100000   = 0; 
00000612: 01101001 00100000 00111100 00100000 01110011 01101001  i < si
00000618: 01111010 01100101 00111011 00100000 01101001 00101011  ze; i+
0000061e: 00101011 00101001 00100000 01111011 00001010 00100000  +) {. 
00000624: 00100000 00100000 00100000 01101001 01100110 00100000     if 
0000062a: 00101000 01100100 01100001 01110100 01100001 01011011  (data[
00000630: 01101001 01011101 00100000 00111100 00100000 00110011  i] < 3
00000636: 00110010 00100000 01111100 01111100 00100000 01100100  2 || d
0000063c: 01100001 01110100 01100001 01011011 01101001 01011101  ata[i]
00000642: 00100000 00111110 00100000 00110001 00110010 00110110   > 126
00000648: 00101001 00100000 01111011 00001010 00100000 00100000  ) {.  
0000064e: 00100000 00100000 00100000 00100000 01110000 01110010      pr
00000654: 01101001 01101110 01110100 01100110 00101000 00100010  intf("
0000065a: 00101110 00100010 00101001 00111011 00001010 00100000  .");. 
00000660: 00100000 00100000 00100000 01111101 00100000 01100101     } e
00000666: 01101100 01110011 01100101 00100000 01111011 00001010  lse {.
0000066c: 00100000 00100000 00100000 00100000 00100000 00100000        
00000672: 01110000 01110010 01101001 01101110 01110100 01100110  printf
00000678: 00101000 00100010 00100101 01100011 00100010 00101100  ("%c",
0000067e: 00100000 01100100 01100001 01110100 01100001 01011011   data[
00000684: 01101001 01011101 00101001 00111011 00001010 00100000  i]);. 
0000068a: 00100000 00100000 00100000 01111101 00001010 00100000     }. 
00000690: 00100000 01111101 00001010 01111101 00001010 00001010   }.}..
00000696: 01110110 01101111 01101001 01100100 00100000 01110010  void r
0000069c: 01100101 01100001 01100100 01000001 01101110 01100100  eadAnd
000006a2: 01010000 01110010 01101001 01101110 01110100 01001001  PrintI
000006a8: 01101110 01110000 01110101 01110100 01000001 01110011  nputAs
000006ae: 01001000 01100101 01111000 00101000 01000110 01001001  Hex(FI
000006b4: 01001100 01000101 00100000 00101010 01101001 01101110  LE *in
000006ba: 01110000 01110101 01110100 00101001 00100000 01111011  put) {
000006c0: 00001010 00100000 00100000 01110101 01101110 01110011  .  uns
000006c6: 01101001 01100111 01101110 01100101 01100100 00100000  igned 
000006cc: 01100011 01101000 01100001 01110010 00100000 01100100  char d
000006d2: 01100001 01110100 01100001 01011011 00110001 00110110  ata[16
000006d8: 01011101 00111011 00001010 00100000 00100000 01101001  ];.  i
000006de: 01101110 01110100 00100000 01101110 01110101 01101101  nt num
000006e4: 01000010 01111001 01110100 01100101 01110011 01010010  BytesR
000006ea: 01100101 01100001 01100100 00100000 00111101 00100000  ead = 
000006f0: 01100110 01110010 01100101 01100001 01100100 00101000  fread(
000006f6: 01100100 01100001 01110100 01100001 00101100 00100000  data, 
000006fc: 00110001 00101100 00100000 00110001 00110110 00101100  1, 16,
00000702: 00100000 01101001 01101110 01110000 01110101 01110100   input
00000708: 00101001 00111011 00001010 00100000 00100000 01110101  );.  u
0000070e: 01101110 01110011 01101001 01100111 01101110 01100101  nsigne
00000714: 01100100 00100000 01101001 01101110 01110100 00100000  d int 
0000071a: 01101111 01100110 01100110 01110011 01100101 01110100  offset
00000720: 00100000 00111101 00100000 00110000 00111011 00001010   = 0;.
00000726: 00100000 00100000 01110111 01101000 01101001 01101100    whil
0000072c: 01100101 00100000 00101000 01101110 01110101 01101101  e (num
00000732: 01000010 01111001 01110100 01100101 01110011 01010010  BytesR
00000738: 01100101 01100001 01100100 00100000 00100001 00111101  ead !=
0000073e: 00100000 00110000 00101001 00100000 01111011 00001010   0) {.
00000744: 00100000 00100000 00100000 00100000 01110000 01110010      pr
0000074a: 01101001 01101110 01110100 01100110 00101000 00100010  intf("
00000750: 00100101 00110000 00111000 01111000 00111010 00100000  %08x: 
00000756: 00100010 00101100 00100000 01101111 01100110 01100110  ", off
0000075c: 01110011 01100101 01110100 00101001 00111011 00001010  set);.
00000762: 00100000 00100000 00100000 00100000 01101111 01100110      of
00000768: 01100110 01110011 01100101 01110100 00100000 00101011  fset +
0000076e: 00111101 00100000 01101110 01110101 01101101 01000010  = numB
00000774: 01111001 01110100 01100101 01110011 01010010 01100101  ytesRe
0000077a: 01100001 01100100 00111011 00001010 00100000 00100000  ad;.  
00000780: 00100000 00100000 01110000 01110010 01101001 01101110    prin
00000786: 01110100 01000100 01100001 01110100 01100001 01000001  tDataA
0000078c: 01110011 01001000 01100101 01111000 00101000 01100100  sHex(d
00000792: 01100001 01110100 01100001 00101100 00100000 01101110  ata, n
00000798: 01110101 01101101 01000010 01111001 01110100 01100101  umByte
0000079e: 01110011 01010010 01100101 01100001 01100100 00101001  sRead)
000007a4: 00111011 00001010 00100000 00100000 00100000 00100000  ;.    
000007aa: 01110000 01110010 01101001 01101110 01110100 01100110  printf
000007b0: 00101000 00100010 00100000 00100010 00101001 00111011  (" ");
000007b6: 00001010 00100000 00100000 00100000 00100000 01110000  .    p
000007bc: 01110010 01101001 01101110 01110100 01000100 01100001  rintDa
000007c2: 01110100 01100001 01000001 01110011 01000011 01101000  taAsCh
000007c8: 01100001 01110010 01110011 00101000 01100100 01100001  ars(da
000007ce: 01110100 01100001 00101100 00100000 01101110 01110101  ta, nu
000007d4: 01101101 01000010 01111001 01110100 01100101 01110011  mBytes
000007da: 01010010 01100101 01100001 01100100 00101001 00111011  Read);
000007e0: 00001010 00100000 00100000 00100000 00100000 01110000  .    p
000007e6: 01110010 01101001 01101110 01110100 01100110 00101000  rintf(
000007ec: 00100010 01011100 01101110 00100010 00101001 00111011  "\n");
000007f2: 00001010 00100000 00100000 00100000 00100000 01101110  .    n
000007f8: 01110101 01101101 01000010 01111001 01110100 01100101  umByte
000007fe: 01110011 01010010 01100101 01100001 01100100 00100000  sRead 
00000804: 00111101 00100000 01100110 01110010 01100101 01100001  = frea
0000080a: 01100100 00101000 01100100 01100001 01110100 01100001  d(data
00000810: 00101100 00100000 00110001 00101100 00100000 00110001  , 1, 1
00000816: 00110110 00101100 00100000 01101001 01101110 01110000  6, inp
0000081c: 01110101 01110100 00101001 00111011 00001010 00100000  ut);. 
00000822: 00100000 01111101 00001010 01111101 00001010 00001010   }.}..
00000828: 00001010 01110110 01101111 01101001 01100100 00100000  .void 
0000082e: 01110000 01110010 01101001 01101110 01110100 01000100  printD
00000834: 01100001 01110100 01100001 01000001 01110011 01000010  ataAsB
0000083a: 01101001 01101110 01100001 01110010 01111001 00101000  inary(
00000840: 01110101 01101110 01110011 01101001 01100111 01101110  unsign
00000846: 01100101 01100100 00100000 01100011 01101000 01100001  ed cha
0000084c: 01110010 00100000 00101010 01100100 01100001 01110100  r *dat
00000852: 01100001 00101100 00100000 01110011 01101001 01111010  a, siz
00000858: 01100101 01011111 01110100 00100000 01110011 01101001  e_t si
0000085e: 01111010 01100101 00101001 00100000 01111011 00001010  ze) {.
00000864: 00100000 00100000 01110101 01101110 01110011 01101001    unsi
0000086a: 01100111 01101110 01100101 01100100 00100000 01101001  gned i
00000870: 01101110 01110100 00100000 01100010 01101001 01110100  nt bit
00000876: 01110011 01011011 00111000 01011101 00111011 00001010  s[8];.
0000087c: 00100000 00100000 01100110 01101111 01110010 00100000    for 
00000882: 00101000 01101001 01101110 01110100 00100000 01101001  (int i
00000888: 00100000 00111101 00100000 00110000 00111011 00100000   = 0; 
0000088e: 01101001 00100000 00111100 00100000 01110011 01101001  i < si
00000894: 01111010 01100101 00111011 00100000 01101001 00101011  ze; i+
0000089a: 00101011 00101001 00100000 01111011 00001010 00100000  +) {. 
000008a0: 00100000 00100000 00100000 01110101 01101110 01110011     uns
000008a6: 01101001 01100111 01101110 01100101 01100100 00100000  igned 
000008ac: 01100011 01101000 01100001 01110010 00100000 01111000  char x
000008b2: 00100000 00111101 00100000 01100100 01100001 01110100   = dat
000008b8: 01100001 01011011 01101001 01011101 00111011 00001010  a[i];.
000008be: 00100000 00100000 00100000 00100000 01100110 01101111      fo
000008c4: 01110010 00100000 00101000 01101001 01101110 01110100  r (int
000008ca: 00100000 01101010 00100000 00111101 00100000 00110111   j = 7
000008d0: 00111011 00100000 01101010 00100000 00111110 00111101  ; j >=
000008d6: 00100000 00110000 00111011 00100000 01101010 00101101   0; j-
000008dc: 00101101 00101001 00100000 01111011 00001010 00100000  -) {. 
000008e2: 00100000 00100000 00100000 00100000 00100000 01101001       i
000008e8: 01100110 00100000 00101000 01111000 00100000 00100101  f (x %
000008ee: 00100000 00110010 00100000 00111101 00111101 00100000   2 == 
000008f4: 00110001 00101001 00100000 01111011 00001010 00100000  1) {. 
000008fa: 00100000 00100000 00100000 00100000 00100000 00100000        
00000900: 00100000 01100010 01101001 01110100 01110011 01011011   bits[
00000906: 01101010 01011101 00100000 00111101 00100000 00110001  j] = 1
0000090c: 00111011 00001010 00100000 00100000 00100000 00100000  ;.    
00000912: 00100000 00100000 01111101 00100000 01100101 01101100    } el
00000918: 01110011 01100101 00100000 01111011 00001010 00100000  se {. 
0000091e: 00100000 00100000 00100000 00100000 00100000 00100000        
00000924: 00100000 01100010 01101001 01110100 01110011 01011011   bits[
0000092a: 01101010 01011101 00100000 00111101 00100000 00110000  j] = 0
00000930: 00111011 00001010 00100000 00100000 00100000 00100000  ;.    
00000936: 00100000 00100000 01111101 00001010 00100000 00100000    }.  
0000093c: 00100000 00100000 00100000 00100000 01111000 00100000      x 
00000942: 00111101 00100000 01111000 00100000 00101111 00100000  = x / 
00000948: 00110010 00111011 00001010 00100000 00100000 00100000  2;.   
0000094e: 00100000 01111101 00001010 00100000 00100000 00100000   }.   
00000954: 00100000 01100110 01101111 01110010 00100000 00101000   for (
0000095a: 01101001 01101110 01110100 00100000 01101011 00100000  int k 
00000960: 00111101 00100000 00110000 00111011 00100000 01101011  = 0; k
00000966: 00100000 00111100 00100000 00111000 00111011 00100000   < 8; 
0000096c: 01101011 00101011 00101011 00101001 00100000 01111011  k++) {
00000972: 00001010 00100000 00100000 00100000 00100000 00100000  .     
00000978: 00100000 01110000 01110010 01101001 01101110 01110100   print
0000097e: 01100110 00101000 00100010 00100101 01100100 00100010  f("%d"
00000984: 00101100 00100000 01100010 01101001 01110100 01110011  , bits
0000098a: 01011011 01101011 01011101 00101001 00111011 00001010  [k]);.
00000990: 00100000 00100000 00100000 00100000 01111101 00001010      }.
00000996: 00100000 00100000 00100000 00100000 01110000 01110010      pr
0000099c: 01101001 01101110 01110100 01100110 00101000 00100010  intf("
000009a2: 00100000 00100010 00101001 00111011 00001010 00100000   ");. 
000009a8: 00100000 01111101 00001010 00100000 00100000 01101001   }.  i
000009ae: 01100110 00100000 00101000 01110011 01101001 01111010  f (siz
000009b4: 01100101 00100000 00111100 00100000 00110110 00101001  e < 6)
000009ba: 00100000 01111011 00001010 00100000 00100000 00100000   {.   
000009c0: 00100000 01101001 01101110 01110100 00100000 01101111   int o
000009c6: 01100110 01100110 01110011 01100101 01110100 00100000  ffset 
000009cc: 00111101 00100000 00110110 00100000 00101101 00100000  = 6 - 
000009d2: 01110011 01101001 01111010 01100101 00111011 00001010  size;.
000009d8: 00100000 00100000 00100000 00100000 01100110 01101111      fo
000009de: 01110010 00100000 00101000 01101001 01101110 01110100  r (int
000009e4: 00100000 01101100 00100000 00111101 00100000 00110000   l = 0
000009ea: 00111011 00100000 01101100 00100000 00111100 00100000  ; l < 
000009f0: 01101111 01100110 01100110 01110011 01100101 01110100  offset
000009f6: 00111011 00100000 01101100 00101011 00101011 00101001  ; l++)
000009fc: 00100000 01111011 00001010 00100000 00100000 00100000   {.   
00000a02: 00100000 00100000 00100000 01110000 01110010 01101001     pri
00000a08: 01101110 01110100 01100110 00101000 00100010 00100000  ntf(" 
00000a0e: 00100000 00100000 00100000 00100000 00100000 00100000        
00000a14: 00100000 00100000 00100010 00101001 00111011 00001010    ");.
00000a1a: 00100000 00100000 00100000 00100000 01111101 00001010      }.
00000a20: 00100000 00100000 01111101 00001010 01111101 00001010    }.}.
00000a26: 00001010 00001010 00101111 00101010 00101010 00001010  ../**.
00000a2c: 00100000 00101010 00100000 01000010 01101001 01110100   * Bit
00000a32: 01110011 00100000 01101111 01110101 01110100 01110000  s outp
00000a38: 01110101 01110100 00100000 01100110 01101111 01110010  ut for
00000a3e: 00100000 01111000 01111000 01100100 00101110 00001010   xxd..
00000a44: 00100000 00101010 00001010 00100000 00101010 00100000   *. * 
00000a4a: 01010011 01100101 01100101 00100000 01101101 01111001  See my
00000a50: 01111000 01111000 01100100 00101110 01101101 01100100  xxd.md
00000a56: 00100000 01100110 01101111 01110010 00100000 01100100   for d
00000a5c: 01100101 01110100 01100001 01101001 01101100 01110011  etails
00000a62: 00101110 00001010 00100000 00101010 00001010 00100000  .. *. 
00000a68: 00101010 00100000 01101001 01101110 01110000 01110101  * inpu
00000a6e: 01110100 00111010 00100000 01101001 01101110 01110000  t: inp
00000a74: 01110101 01110100 00100000 01110011 01110100 01110010  ut str
00000a7a: 01100101 01100001 01101101 00001010 00100000 00101010  eam. *
00000a80: 00101010 00101111 00001010 01110110 01101111 01101001  */.voi
00000a86: 01100100 00100000 01110010 01100101 01100001 01100100  d read
00000a8c: 01000001 01101110 01100100 01010000 01110010 01101001  AndPri
00000a92: 01101110 01110100 01001001 01101110 01110000 01110101  ntInpu
00000a98: 01110100 01000001 01110011 01000010 01101001 01110100  tAsBit
00000a9e: 01110011 00101000 01000110 01001001 01001100 01000101  s(FILE
00000aa4: 00100000 00101010 01101001 01101110 01110000 01110101   *inpu
00000aaa: 01110100 00101001 00100000 01111011 00001010 00100000  t) {. 
00000ab0: 00100000 01110101 01101110 01110011 01101001 01100111   unsig
00000ab6: 01101110 01100101 01100100 00100000 01100011 01101000  ned ch
00000abc: 01100001 01110010 00100000 01100100 01100001 01110100  ar dat
00000ac2: 01100001 01011011 00110110 01011101 00111011 00001010  a[6];.
00000ac8: 00100000 00100000 01101001 01101110 01110100 00100000    int 
00000ace: 01101110 01110101 01101101 01000010 01111001 01110100  numByt
00000ad4: 01100101 01110011 01010010 01100101 01100001 01100100  esRead
00000ada: 00100000 00111101 00100000 01100110 01110010 01100101   = fre
00000ae0: 01100001 01100100 00101000 01100100 01100001 01110100  ad(dat
00000ae6: 01100001 00101100 00100000 00110001 00101100 00100000  a, 1, 
00000aec: 00110110 00101100 00100000 01101001 01101110 01110000  6, inp
00000af2: 01110101 01110100 00101001 00111011 00001010 00100000  ut);. 
00000af8: 00100000 01110101 01101110 01110011 01101001 01100111   unsig
00000afe: 01101110 01100101 01100100 00100000 01101001 01101110  ned in
00000b04: 01110100 00100000 01101111 01100110 01100110 01110011  t offs
00000b0a: 01100101 01110100 00100000 00111101 00100000 00110000  et = 0
00000b10: 00111011 00001010 00100000 00100000 01110111 01101000  ;.  wh
00000b16: 01101001 01101100 01100101 00100000 00101000 01101110  ile (n
00000b1c: 01110101 01101101 01000010 01111001 01110100 01100101  umByte
00000b22: 01110011 01010010 01100101 01100001 01100100 00100000  sRead 
00000b28: 00100001 00111101 00100000 00110000 00101001 00100000  != 0) 
00000b2e: 01111011 00001010 00100000 00100000 00100000 00100000  {.    
00000b34: 01110000 01110010 01101001 01101110 01110100 01100110  printf
00000b3a: 00101000 00100010 00100101 00110000 00111000 01111000  ("%08x
00000b40: 00111010 00100000 00100010 00101100 00100000 01101111  : ", o
00000b46: 01100110 01100110 01110011 01100101 01110100 00101001  ffset)
00000b4c: 00111011 00001010 00100000 00100000 00100000 00100000  ;.    
00000b52: 01101111 01100110 01100110 01110011 01100101 01110100  offset
00000b58: 00100000 00101011 00111101 00100000 01101110 01110101   += nu
00000b5e: 01101101 01000010 01111001 01110100 01100101 01110011  mBytes
00000b64: 01010010 01100101 01100001 01100100 00111011 00001010  Read;.
00000b6a: 00100000 00100000 00100000 00100000 01110000 01110010      pr
00000b70: 01101001 01101110 01110100 01000100 01100001 01110100  intDat
00000b76: 01100001 01000001 01110011 01000010 01101001 01101110  aAsBin
00000b7c: 01100001 01110010 01111001 00101000 01100100 01100001  ary(da
00000b82: 01110100 01100001 00101100 00100000 01101110 01110101  ta, nu
00000b88: 01101101 01000010 01111001 01110100 01100101 01110011  mBytes
00000b8e: 01010010 01100101 01100001 01100100 00101001 00111011  Read);
00000b94: 00001010 00100000 00100000 00100000 00100000 01110000  .    p
00000b9a: 01110010 01101001 01101110 01110100 01100110 00101000  rintf(
00000ba0: 00100010 00100000 00100010 00101001 00111011 00001010  " ");.
00000ba6: 00100000 00100000 00100000 00100000 01110000 01110010      pr
00000bac: 01101001 01101110 01110100 01000100 01100001 01110100  intDat
00000bb2: 01100001 01000001 01110011 01000011 01101000 01100001  aAsCha
00000bb8: 01110010 01110011 00101000 01100100 01100001 01110100  rs(dat
00000bbe: 01100001 00101100 00100000 01101110 01110101 01101101  a, num
00000bc4: 01000010 01111001 01110100 01100101 01110011 01010010  BytesR
00000bca: 01100101 01100001 01100100 00101001 00111011 00001010  ead);.
00000bd0: 00100000 00100000 00100000 00100000 01110000 01110010      pr
00000bd6: 01101001 01101110 01110100 01100110 00101000 00100010  intf("
00000bdc: 01011100 01101110 00100010 00101001 00111011 00001010  \n");.
00000be2: 00100000 00100000 00100000 00100000 01101110 01110101      nu
00000be8: 01101101 01000010 01111001 01110100 01100101 01110011  mBytes
00000bee: 01010010 01100101 01100001 01100100 00100000 00111101  Read =
00000bf4: 00100000 01100110 01110010 01100101 01100001 01100100   fread
00000bfa: 00101000 01100100 01100001 01110100 01100001 00101100  (data,
00000c00: 00100000 00110001 00101100 00100000 00110110 00101100   1, 6,
00000c06: 00100000 01101001 01101110 01110000 01110101 01110100   input
00000c0c: 00101001 00111011 00001010 00100000 00100000 01111101  );.  }
00000c12: 00001010 01111101 00001010 00001010 00001010 01101001  .}...i
00000c18: 01101110 01110100 00100000 01101101 01100001 01101001  nt mai
00000c1e: 01101110 00101000 01101001 01101110 01110100 00100000  n(int 
00000c24: 01100001 01110010 01100111 01100011 00101100 00100000  argc, 
00000c2a: 01100011 01101000 01100001 01110010 00100000 00101010  char *
00000c30: 00101010 01100001 01110010 01100111 01110110 00101001  *argv)
00000c36: 00100000 01111011 00001010 00100000 00100000 01101001   {.  i
00000c3c: 01101110 01110100 00100000 01100010 01101001 01110100  nt bit
00000c42: 01110011 00100000 00111101 00100000 01000110 01000001  s = FA
00000c48: 01001100 01010011 01000101 00111011 00001010 00100000  LSE;. 
00000c4e: 00100000 01000110 01001001 01001100 01000101 00100000   FILE 
00000c54: 00101010 01101001 01101110 01110000 01110101 01110100  *input
00000c5a: 00100000 00111101 00100000 01110000 01100001 01110010   = par
00000c60: 01110011 01100101 01000011 01101111 01101101 01101101  seComm
00000c66: 01100001 01101110 01100100 01001100 01101001 01101110  andLin
00000c6c: 01100101 00101000 01100001 01110010 01100111 01100011  e(argc
00000c72: 00101100 00100000 01100001 01110010 01100111 01110110  , argv
00000c78: 00101100 00100000 00100110 01100010 01101001 01110100  , &bit
00000c7e: 01110011 00101001 00111011 00001010 00001010 00100000  s);.. 
00000c84: 00100000 01101001 01100110 00100000 00101000 01100010   if (b
00000c8a: 01101001 01110100 01110011 00100000 00111101 00111101  its ==
00000c90: 00100000 01000110 01000001 01001100 01010011 01000101   FALSE
00000c96: 00101001 00100000 01111011 00001010 00100000 00100000  ) {.  
00000c9c: 00100000 00100000 01110010 01100101 01100001 01100100    read
00000ca2: 01000001 01101110 01100100 01010000 01110010 01101001  AndPri
00000ca8: 01101110 01110100 01001001 01101110 01110000 01110101  ntInpu
00000cae: 01110100 01000001 01110011 01001000 01100101 01111000  tAsHex
00000cb4: 00101000 01101001 01101110 01110000 01110101 01110100  (input
00000cba: 00101001 00111011 00001010 00100000 00100000 01111101  );.  }
00000cc0: 00100000 01100101 01101100 01110011 01100101 00100000   else 
00000cc6: 01111011 00001010 00100000 00100000 00100000 00100000  {.    
00000ccc: 01110010 01100101 01100001 01100100 01000001 01101110  readAn
00000cd2: 01100100 01010000 01110010 01101001 01101110 01110100  dPrint
00000cd8: 01001001 01101110 01110000 01110101 01110100 01000001  InputA
00000cde: 01110011 01000010 01101001 01110100 01110011 00101000  sBits(
00000ce4: 01101001 01101110 01110000 01110101 01110100 00101001  input)
00000cea: 00111011 00001010 00100000 00100000 01111101 00001010  ;.  }.
00000cf0: 00100000 00100000 01110010 01100101 01110100 01110101    retu
00000cf6: 01110010 01101110 00100000 00110000 00111011 00001010  rn 0;.
00000cfc: 01111101 00001010                                      }.
